17 0.158307 0.083333 0.015674 0.022222
17 0.128527 0.144444 0.018809 0.033333
17 0.073668 0.247222 0.015674 0.027778
17 0.083072 0.188889 0.015674 0.033333
17 0.054859 0.380556 0.015674 0.027778
17 0.087774 0.302778 0.012539 0.027778
17 0.101881 0.369444 0.015674 0.027778
17 0.126959 0.513889 0.015674 0.027778
17 0.211599 0.413889 0.015674 0.038889
17 0.032915 0.416667 0.015674 0.033333
17 0.090909 0.608333 0.018809 0.038889
17 0.194357 0.775000 0.018809 0.038889
17 0.192790 0.655556 0.015674 0.033333
17 0.047022 0.269444 0.012539 0.027778
17 0.043887 0.480556 0.012539 0.027778
17 0.214734 0.547222 0.015674 0.027778
17 0.191223 0.605556 0.018809 0.033333
15 0.523511 0.680556 0.282132 0.483333
