15 0.421875 0.375000 0.231250 0.416667
16 0.192188 0.391667 0.009375 0.016667
16 0.739062 0.463889 0.009375 0.016667
16 0.926562 0.452778 0.009375 0.016667
16 0.940625 0.477778 0.012500 0.022222
16 0.753125 0.597222 0.012500 0.016667
16 0.676562 0.641667 0.009375 0.016667
16 0.812500 0.694444 0.012500 0.022222
16 0.565625 0.688889 0.012500 0.022222
16 0.829688 0.930556 0.009375 0.016667
16 0.731250 0.272222 0.012500 0.022222
16 0.659375 0.688889 0.006250 0.011111
16 0.860938 0.891667 0.009375 0.016667
16 0.660937 0.802778 0.009375 0.016667
16 0.657813 0.347222 0.009375 0.016667
16 0.737500 0.066667 0.006250 0.011111
16 0.715625 0.383333 0.012500 0.022222
