17 0.158307 0.080556 0.015674 0.027778
17 0.073668 0.241667 0.015674 0.027778
17 0.109718 0.291667 0.018809 0.027778
17 0.170846 0.705556 0.015674 0.033333
17 0.742947 0.272222 0.018809 0.033333
17 0.211599 0.413889 0.015674 0.027778
17 0.056426 0.377778 0.018809 0.033333
17 0.670846 0.258333 0.018809 0.038889
17 0.131661 0.141667 0.018809 0.027778
17 0.117555 0.363889 0.015674 0.027778
17 0.081505 0.188889 0.018809 0.033333
17 0.043887 0.500000 0.018809 0.033333
17 0.365204 0.386111 0.021944 0.038889
15 0.528213 0.741667 0.260188 0.461111
17 0.050157 0.308333 0.012539 0.027778
17 0.496865 0.052778 0.021944 0.038889
