17 0.156740 0.077778 0.012539 0.022222
17 0.131661 0.141667 0.018809 0.027778
17 0.079937 0.186111 0.015674 0.027778
17 0.070533 0.241667 0.015674 0.027778
17 0.086207 0.297222 0.015674 0.027778
17 0.053292 0.372222 0.018809 0.033333
17 0.111285 0.558333 0.015674 0.027778
17 0.191223 0.652778 0.018809 0.027778
17 0.139498 0.391667 0.015674 0.027778
17 0.100313 0.361111 0.018809 0.033333
17 0.089342 0.602778 0.015674 0.027778
17 0.042320 0.480556 0.015674 0.027778
17 0.194357 0.772222 0.018809 0.033333
17 0.152038 0.575000 0.015674 0.027778
17 0.130094 0.191667 0.015674 0.027778
17 0.039185 0.561111 0.015674 0.033333
17 0.128527 0.516667 0.018809 0.033333
17 0.068966 0.444444 0.018809 0.033333
17 0.042320 0.305556 0.015674 0.033333
15 0.623824 0.377778 0.225705 0.400000
