17 0.368339 0.247222 0.009404 0.016667
17 0.456113 0.258333 0.009404 0.016667
17 0.449843 0.363889 0.009404 0.016667
17 0.492163 0.300000 0.012539 0.022222
17 0.521944 0.313889 0.009404 0.016667
17 0.581505 0.397222 0.009404 0.016667
17 0.617555 0.138889 0.012539 0.022222
17 0.659875 0.058333 0.009404 0.016667
17 0.672414 0.780556 0.009404 0.016667
17 0.446708 0.525000 0.009404 0.016667
17 0.760188 0.252778 0.009404 0.016667
17 0.537618 0.247222 0.009404 0.016667
17 0.463950 0.127778 0.012539 0.022222
17 0.540752 0.319444 0.009404 0.016667
17 0.427900 0.019444 0.009404 0.016667
15 0.426332 0.236111 0.231975 0.405556
17 0.735110 0.191667 0.009404 0.016667
17 0.641066 0.091667 0.009404 0.016667
