15 0.551724 0.258333 0.181818 0.316667
17 0.156740 0.083333 0.012539 0.022222
17 0.081505 0.191667 0.018809 0.027778
17 0.133229 0.147222 0.021944 0.027778
17 0.073668 0.252778 0.015674 0.027778
17 0.047022 0.272222 0.012539 0.022222
17 0.054859 0.386111 0.015674 0.027778
17 0.167712 0.716667 0.015674 0.033333
17 0.195925 0.783333 0.015674 0.033333
17 0.123824 0.519444 0.015674 0.027778
17 0.241379 0.925000 0.012539 0.027778
17 0.086207 0.408333 0.015674 0.027778
17 0.089342 0.608333 0.015674 0.027778
17 0.210031 0.550000 0.018809 0.033333
17 0.210031 0.416667 0.018809 0.033333
17 0.191223 0.655556 0.018809 0.033333
17 0.108150 0.302778 0.021944 0.038889
17 0.057994 0.563889 0.015674 0.027778
17 0.235110 0.808333 0.018809 0.027778
17 0.120690 0.441667 0.015674 0.027778
17 0.278997 0.661111 0.018809 0.033333
17 0.489028 0.588889 0.018809 0.033333
17 0.755486 0.627778 0.018809 0.033333
17 0.311912 0.825000 0.015674 0.027778
17 0.296238 0.855556 0.015674 0.033333
17 0.199060 0.847222 0.015674 0.027778
