17 0.130094 0.236111 0.015674 0.027778
17 0.681818 0.175000 0.009404 0.016667
17 0.664577 0.233333 0.012539 0.022222
17 0.663009 0.480556 0.015674 0.027778
17 0.783699 0.175000 0.012539 0.027778
17 0.764890 0.444444 0.012539 0.022222
17 0.673981 0.838889 0.012539 0.022222
17 0.858934 0.794444 0.012539 0.022222
17 0.830721 0.288889 0.012539 0.022222
15 0.418495 0.413889 0.235110 0.405556
17 0.778997 0.536111 0.015674 0.027778
17 0.860502 0.458333 0.015674 0.027778
17 0.733542 0.705556 0.012539 0.022222
17 0.615987 0.877778 0.015674 0.022222
17 0.775862 0.852778 0.015674 0.027778
17 0.905956 0.666667 0.012539 0.022222
