15 0.573668 0.400000 0.213166 0.366667
17 0.158307 0.083333 0.015674 0.033333
17 0.131661 0.144444 0.012539 0.022222
17 0.079937 0.186111 0.015674 0.027778
17 0.073668 0.247222 0.015674 0.027778
17 0.050157 0.269444 0.012539 0.027778
17 0.289969 0.325000 0.015674 0.027778
17 0.109718 0.291667 0.018809 0.027778
17 0.057994 0.375000 0.015674 0.027778
17 0.089342 0.408333 0.015674 0.027778
17 0.122257 0.513889 0.018809 0.027778
17 0.076803 0.530556 0.015674 0.027778
17 0.191223 0.661111 0.018809 0.033333
17 0.155172 0.663889 0.015674 0.038889
17 0.194357 0.775000 0.018809 0.038889
17 0.225705 0.066667 0.018809 0.033333
