17 0.141066 0.361111 0.012539 0.022222
17 0.473354 0.427778 0.012539 0.022222
17 0.492163 0.350000 0.012539 0.022222
17 0.409091 0.352778 0.009404 0.016667
17 0.811912 0.716667 0.012539 0.022222
17 0.830721 0.650000 0.012539 0.022222
17 0.699060 0.777778 0.012539 0.022222
17 0.708464 0.650000 0.012539 0.022222
17 0.755486 0.594444 0.012539 0.022222
17 0.821317 0.311111 0.012539 0.022222
17 0.907524 0.813889 0.009404 0.016667
17 0.960815 0.369444 0.015674 0.027778
17 0.777429 0.391667 0.018809 0.027778
17 0.747649 0.163889 0.015674 0.027778
17 0.661442 0.644444 0.012539 0.022222
17 0.548589 0.661111 0.012539 0.022222
17 0.601881 0.583333 0.012539 0.022222
17 0.655172 0.338889 0.012539 0.022222
17 0.721003 0.311111 0.012539 0.022222
17 0.880878 0.483333 0.012539 0.022222
17 0.884013 0.838889 0.012539 0.022222
17 0.263323 0.127778 0.012539 0.022222
17 0.307210 0.061111 0.012539 0.022222
17 0.620690 0.255556 0.012539 0.022222
17 0.934169 0.427778 0.012539 0.022222
15 0.416928 0.358333 0.231975 0.416667
