17 0.666144 0.266667 0.021944 0.033333
17 0.072100 0.247222 0.018809 0.027778
17 0.158307 0.080556 0.021944 0.038889
17 0.360502 0.386111 0.018809 0.038889
17 0.054859 0.383333 0.021944 0.033333
17 0.092476 0.605556 0.015674 0.033333
17 0.125392 0.513889 0.018809 0.038889
17 0.735110 0.311111 0.021944 0.033333
17 0.133229 0.144444 0.021944 0.033333
17 0.089342 0.405556 0.015674 0.033333
17 0.115987 0.369444 0.018809 0.027778
17 0.169279 0.708333 0.018809 0.038889
17 0.150470 0.577778 0.018809 0.033333
17 0.194357 0.772222 0.018809 0.033333
17 0.122257 0.244444 0.018809 0.033333
17 0.319749 0.536111 0.018809 0.038889
17 0.042320 0.502778 0.015674 0.027778
17 0.083072 0.188889 0.021944 0.033333
17 0.089342 0.300000 0.015674 0.033333
17 0.072100 0.452778 0.018809 0.027778
17 0.047022 0.313889 0.018809 0.027778
17 0.738245 0.705556 0.021944 0.044444
17 0.319749 0.772222 0.018809 0.033333
17 0.366771 0.808333 0.025078 0.038889
17 0.213166 0.422222 0.018809 0.033333
17 0.188088 0.655556 0.018809 0.033333
17 0.056426 0.555556 0.018809 0.033333
17 0.548589 0.255556 0.018809 0.033333
17 0.605016 0.080556 0.018809 0.027778
17 0.573668 0.016667 0.018809 0.022222
17 0.742947 0.272222 0.018809 0.033333
15 0.534483 0.725000 0.266458 0.461111
